pallete 140 12 102 23 
0 44 106 55 24 0 31 1
1 30 23 50 0 123 0 2
2 58 75 24 2 44 31 1
3 63 96 21 0 60 0 1
4 25 113 20 111 0 1 3
5 60 28 46 51 44 55 4
6 3 111 4 127 0 86 0
7 44 66 59 53 125 38 2
8 67 30 30 23 125 0 5
9 2 80 13 97 44 55 3
10 58 82 7 2 125 31 1
11 21 27 46 23 155 0 3
12 24 42 24 0 0 31 0
13 8 129 50 77 44 83 3
14 75 17 27 97 44 57 4
15 10 93 52 0 60 21 2
16 81 11 53 77 44 31 4
17 74 1 17 111 0 0 4
18 31 111 60 0 0 0 2
19 75 40 3 2 44 85 0
20 8 49 27 2 44 55 1
21 33 124 2 0 60 31 3
22 51 73 47 2 104 38 0
pallete 140 12 102 21 
23 69 32 30 89 0 0 4
24 47 127 24 74 17 61 0
25 40 75 9 0 59 29 0
26 72 126 17 0 46 0 0
27 46 17 15 74 17 32 0
28 26 75 37 0 0 0 2
29 22 53 49 72 69 0 3
30 41 16 12 0 124 17 0
31 46 94 4 74 69 26 0
32 58 88 58 0 59 38 0
33 6 55 50 72 122 12 2
34 23 12 17 109 144 61 3
35 29 117 53 74 34 32 3
36 4 43 49 60 163 38 4
37 53 113 17 0 0 32 2
38 61 87 12 0 37 17 0
39 63 74 42 0 17 29 2
40 12 9 51 0 37 0 3
41 14 26 14 75 0 0 5
42 27 61 7 74 151 30 5
43 60 40 32 0 147 29 5
pallete 140 12 102 18 
44 60 76 29 52 123 0 1
45 17 90 51 67 5 0 3
46 24 31 35 41 127 53 2
47 15 78 41 0 85 76 3
48 16 27 61 51 0 0 5
49 76 49 35 52 77 44 0
50 21 44 12 41 127 77 0
51 42 27 7 41 85 79 1
52 5 13 49 102 0 0 1
53 70 126 11 0 0 79 1
54 57 19 4 72 127 75 1
55 15 113 3 0 70 79 1
56 77 102 30 0 0 44 1
57 51 118 27 72 5 17 0
58 19 86 52 0 77 34 3
59 64 57 41 72 126 34 1
60 51 132 34 0 0 0 0
61 23 101 37 0 85 53 3
pallete 140 12 102 12 
62 72 70 46 0 61 33 1
63 2 119 22 0 107 0 2
64 37 53 10 39 67 0 1
65 67 117 12 0 0 0 1
66 31 93 16 0 107 2 2
67 79 97 13 0 0 12 1
68 33 28 39 0 79 0 3
69 81 22 16 97 0 12 1
70 34 98 29 0 123 2 1
71 53 116 61 0 0 28 2
72 48 100 53 70 61 33 3
73 50 27 22 0 133 33 5
pallete 140 12 102 13 
74 75 93 44 86 0 0 3
75 83 61 55 0 121 0 1
76 61 58 25 0 0 43 0
77 44 132 11 0 58 63 0
78 65 112 4 44 93 66 0
79 69 31 16 72 93 0 1
80 43 14 45 72 0 0 2
81 26 120 3 44 0 70 0
82 34 32 38 0 58 31 5
83 33 30 12 72 45 0 3
84 72 121 31 0 0 0 0
85 13 107 44 72 93 16 3
86 69 103 35 61 93 31 0
pallete 140 12 102 13 
87 41 69 57 0 0 0 2
88 14 99 5 0 121 0 2
89 5 39 35 0 82 0 3
90 3 25 52 0 57 0 3
91 18 52 53 43 69 7 3
92 13 51 53 0 0 41 2
93 24 34 4 0 57 3 1
94 43 29 16 0 57 7 0
95 12 62 17 51 0 41 3
96 18 69 37 69 0 0 3
97 38 31 18 69 0 18 5
98 29 107 56 0 69 25 2
99 33 127 5 107 0 18 3
